Gold (OG|GC) OG2V6 (0.15 DTE) vs 4214.7 (+55) - Intraday Volume
Put: 1,813  Call: 1,725  Vol: 27.77  Vol Chg: 0  Future Chg: +55
Strike,Call,Put,Vol Settle,Vol Now
4145,1,37,0.2688,
4150,44,140,0.2681,
4155,23,87,0.2677,
4160,32,308,0.2676,0.3219
4165,17,21,0.2678,0.3142
4170,13,65,0.2684,0.3073
4175,23,114,0.2693,0.3012
4180,41,90,0.2704,0.2959
4185,9,31,0.2719,0.2912
4190,104,53,0.2737,0.2873
4195,95,59,0.2758,0.284
4200,245,323,0.2782,0.2814
4205,69,179,0.2809,0.2795
4210,134,93,0.2838,0.2783
4215,118,132,0.287,0.2777
4220,163,32,0.2904,0.2779
4225,92,34,0.294,0.2788
4230,86,5,0.2978,0.2806
4235,65,1,0.3019,0.2833
4240,39,4,0.3061,0.2869
4245,15,0,0.3104,0.2915
4250,198,4,0.3149,0.2972
4255,16,0,0.3195,0.3042
4260,45,0,0.3242,0.3124
4265,4,0,0.3289,0.3221
4270,8,0,0.3337,0.3333
4275,16,1,0.3385,
4280,9,0,0.3432,
4285,1,0,0.3479,
