Gold (OG|GC) G5TU6 (0.13 DTE) vs 4192.6 (+42.5) - OI Change
Put: 577  Call: 1,596  Vol: 25.60  Vol Chg: 0  Future Chg: +42.5
Strike,Call,Put,Vol Settle
4135,1,4,0.285
4140,1,85,0.2822
4145,7,44,0.2796
4150,21,88,0.2775
4155,5,47,0.2756
4160,33,46,0.2741
4165,11,15,0.273
4170,55,30,0.2722
4175,32,22,0.2717
4180,68,15,0.2715
4185,31,12,0.2717
4190,58,51,0.2722
4195,32,2,0.273
4200,383,19,0.2741
4205,29,1,0.2755
4210,34,12,0.2772
4215,297,30,0.2792
4220,29,37,0.2814
4225,33,0,0.2839
4230,42,1,0.2866
4235,45,2,0.2896
4240,13,8,0.2927
4245,29,4,0.296
4250,307,2,0.2995
