Gold (OG|GC) G1WV6 (0.94 DTE) vs 4200.9 (0) - Open Interest
Put: 890  Call: 874  Vol: 18.78  Vol Chg: 0  Future Chg: 0
Strike,Call,Put,Vol Settle,Vol Now
4085,0,2,0.2318,
4090,0,8,0.2294,0.2539
4095,0,0,0.2271,0.2496
4100,2,287,0.225,0.2453
4105,0,10,0.2229,0.2409
4110,0,2,0.221,0.2365
4115,0,8,0.2193,0.2322
4120,0,21,0.2177,0.2279
4125,0,32,0.2162,0.2237
4130,1,6,0.2149,0.2197
4135,0,18,0.2137,0.2158
4140,1,2,0.2126,0.2121
4145,0,0,0.2117,0.2087
4150,4,50,0.2109,0.2054
4155,0,2,0.2103,0.2024
4160,2,3,0.2098,0.1996
4165,1,4,0.2095,0.1971
4170,4,2,0.2093,0.1949
4175,15,51,0.2093,0.193
4180,30,4,0.2094,0.1913
4185,2,37,0.2096,0.19
4190,21,3,0.21,0.189
4195,3,4,0.2105,0.1883
4200,63,53,0.2111,0.1878
4205,1,0,0.2119,0.1877
4210,11,13,0.2129,0.1879
4215,28,0,0.2139,0.1883
4220,14,0,0.2151,0.1891
4225,35,39,0.2164,0.19
4230,21,0,0.2178,0.1913
4235,1,2,0.2194,0.1927
4240,10,0,0.221,0.1944
4245,1,0,0.2228,0.1962
4250,316,40,0.2247,0.1982
4255,4,0,0.2267,0.2003
4260,17,0,0.2288,0.2026
4265,0,1,0.2309,0.2049
4270,34,0,0.2332,0.2072
4275,144,162,0.2356,0.2096
4280,10,0,0.238,0.2119
4285,0,0,0.2405,0.2141
4290,0,0,0.2431,0.2163
4295,2,2,0.2458,
4300,70,21,0.2485,
4305,0,0,0.2512,
4310,3,0,0.254,
4320,3,1,,
